最初のLPと最適解の比較
データをグラフにして

各辺でどれぐらいの割合で同じクラスターにいるのかどうなのか


19 2
18 14
17 14
16 15
16 14
15 2
14 2
13 2
19 5
19 6
19 8
19 9
19 10
17 1
17 3
17 5
17 7
17 8
17 9
16 7
16 10
15 1
15 6
15 7
15 8
15 9
15 10
14 4
14 6
14 7
14 8
14 10
13 1
13 6
13 7
13 8
13 9
13 10
13 11
2 1
2 3
2 4
2 5
2 6
2 7
2 8
2 9
8 4
6 3
9 7
9 10
8 7
8 10
6 7
6 10
4 10
1 7
1 10
19 2
16 15
15 2
13 2
20 14
19 5
19 6
19 8
19 9
19 10
19 14
17 1
17 3
17 5
17 7
17 8
17 9
16 7
16 10
15 1
15 6
15 7
15 8
15 9
15 10
15 14
13 1
13 6
13 7
13 8
13 9
13 10
13 11
13 14
2 1
2 3
2 4
2 5
2 6
2 7
2 8
2 9
14 9
14 1
8 4
7 4
9 3
9 5
8 3
8 5
6 5
4 3
4 5
1 3
1 5
19 7
19 4
19 1
16 15
16 14
16 9
16 8
16 6
16 4
16 1
15 4
14 9
14 1
13 4
8 4
7 4
19 5
19 17
19 18
19 20
16 2
16 17
16 18
16 20
15 17
15 18
15 20
14 20
13 11
13 17
13 18
13 20
9 2
9 3
9 5
9 17
8 2
8 3
8 5
8 17
7 2
7 17
6 2
6 5
4 2
4 3
4 5
1 2
1 3
1 5
1 17
20 5
20 3
18 5
18 3
20 9
20 8
20 7
20 5
20 3
20 1
19 7
19 3
19 2
19 1
18 9
18 8
18 7
18 5
18 3
18 1
16 15
16 9
16 8
16 5
16 3
16 1
15 5
15 3
15 2
13 5
13 3
13 2
7 5
7 3
20 14
19 6
19 10
19 14
16 10
15 6
15 10
15 14
13 6
13 10
13 11
13 14
9 4
9 6
9 10
8 6
8 10
8 14
7 6
7 10
7 14
5 4
5 6
3 4
2 4
2 6
1 4
1 6
1 10
19 2
16 15
15 2
13 2
20 14
19 5
19 6
19 8
19 9
19 10
19 14
17 1
17 3
17 5
17 7
17 8
17 9
16 7
16 10
15 1
15 6
15 7
15 8
15 9
15 10
15 14
13 1
13 6
13 7
13 8
13 9
13 10
13 11
13 14
2 1
2 3
2 4
2 5
2 6
2 7
2 8
2 9
8 4
6 3
9 7
9 10
8 7
8 10
8 14
6 7
6 10
6 14
4 10
4 14
1 7
1 10